5528142
7789674
3141903
4202602
3406970
3980318
4578769
4290542
2033118
1374903
2703225
7039139
8275365
5452291
5921352
9593206
4456162
2746191
1264610
6700429
3725752
9706160
1920924
5566417
1246629
4129208
1411075
5641473
9277080
1829210
1795978
5967013
8975607
2427526
1319552
5137747
9672438
5317754
2789682
6938669
7752955
9560647
7077223
8992212
1800707
2129606
1202807
5704736
2186659
7995336
6669579
5774193
1050284
7420436
2681264
3186250
3645476
6358143
4765674
9136224
2573113
5628086
7756712
9257199
3619703
9434227
9607411
1519639
4912930
3167507
4834179
6991257
1004677
8032524
8175329
1159654
8984058
6666400
2755557
6435930
1902436
4871442
8668394
9280911
7028446
9097149
8793782
7205158
2604087
4060254
2617051
5150281
6905028
4509096
9444330
3778658
6257778
1828588
2728652
8308798
3523536
3114347
3858933
2170612
2154371
2002665
7453083
6301503
5636614
7558459
9544463
2640585
5508042
4222065
4963704
6369040
5393345
5087081
4407775
7022135
6203049
9256223
4500953
3026766
8639415
2203842
4239880
3700511
7584279
1944841
6431769
7646506
6633455
6951859
3285546
7977374
8036923
7312515
7761751
9154050
6950480
5611471
8125446
8113721
8263928
6915622
5072184
6765019
2814637
8001737
2698084
3903456
6472450
9910532
4975257
8414178
6269550
8656391
1051358
5026239
1912080
2701207
1168624
4008544
7741687
1850778
8264805
7618201
5256092
7558195
1117678
6385670
1517787
3680435
5338226
7731046
1576837
4447372
3463384
3256096
4955218
8307728
1420112
5760347
9970286
1778714
4430013
5556034
3833708
2761178
4552634
1201276
8436031
9869720
4763604
1812349
2398636
8207616
7897399
1812319
6197221
3304569
6017238
4356564
6000482
6607800
3704360
1415778
9842824
5449331
4667961
1257461
8973893
3975251
3975565
6708531
8090269
5730339
7051503
3325114
3806257
5232337
9929638
8205418
2026371
6437031
9585781
9116654
6715879
9908020
2384347
9104990
7543209
3353071
2286621
4228891
2983406
3136191
5002429
5708645
9641926
3286807
8747146
2898391
5591830
2611292
1167197
9562071
2962766
5074291
1721075
4817271
4238388
8259765
4143953
7938145
4408122
1289022
9317633
7529778
3329337
8296505
8657583
7176112
1510911
4924029
7119385
8060357
4999604
1966919
9502690
4714004
7650475
4230840
9798922
2634468
4971278
8724444
3089447
1207335
8559641
3314794
4156061
8314210
5943780
1841177
5508280
2081463
9234889
3424778
5707033
7738940
2843043
1966577
5248834
8433911
4643315
2041654
6832634
1621510
1004339
5521938
7115817
4056277
7270993
6416255
1049808
5404426
2783031
7875481
2171383
3760990
5048403
9732155
5946180
3599333
9823624
5873734
7906280
6203372
7762221
1782854
5534458
8609125
1849364
2894645
4012615
5119178
6546063
8498174
3948336
4642543
3994058
4801452
5652769
5624356
5636394
6561931
5760361
7521716
3056676
6786813
3336764
3225652
5868495
8576140
6241799
5531343
2591968
8260756
5782734
6790834
3718433
3127927
6298440
9354083
7682064
7673520
9639041
5254522
9064285
9828019
4308198
3837609
1170550
9092277
3988314
2568529
7967029
3962555
5731135
7222251
5298873
2184520
7745489
8036069
6144260
5917772
4611841
4667241
8196205
6417763
2219266
1680368
4228018
2255525
1425838
8164208
6283218
3561531
2731470
7603294
4046125
8707992
7096557
8040661
3064627
3295152
2008485
6632477
3569585
4994777
6894355
3367742
1925865
3807520
2381754
5990878
4375281
5627006
4258417
9330360
3372210
7202277
5795016
8335585
3891194
1089920
4013012
9213210
3268516
3508190
5806904
4614185
9360198
1271594
7562909
5003452
6463712
1815577
2219779
4498219
6121122
1982254
3859164
9713417
6294922
6618015
7871037
3444417
4421226
1835138
8073948
9258927
4652060
9822648
2848605
6557917
8120231
4300119
3566474
8401755
3974813
9949345
8288715
7353657
1308935
6414136
4466757
5529101
3068977
8899975
9846783
7348789
6910491
3934711
3088955
7850858
8003423
6200694
6513422
6075198
1957310
3402896
1220606
2545411
2874652
7495926
8795663
6850309
5903334
5633075
7374099
4105320
6191893
8747353
3145852
6467559
9746952
1014041
1213585
7268431
5280991
4871710
7164492
6972704
5233800
1929317
7352547
2893381
3259026
3386203
7085740
8338041
9589542
1193521
1332464
4799281
4228044
2347223
2007786
6516639
6188713
7643483
8836889
3749741
2573993
8065291
8017334
2133729
3853121
6341186
1641187
4249330
1855081
5357682
8777099
9590576
2946879
2391962
5195304
3211799
4853272
9893842
5534013
1103853
3101544
8108570
2592456
3013494
3167155
5199112
8351906
6269450
2149364
9359002
1967564
2953432
5261518
2568778
6723784
4024352
3854649
4939271
3342775
3797199
7820957
7652636
9600759
7131886
8359209
9036040
6238789
4514202
3143469
8151884
4500621
4283644
1336363
5782288
8384412
5835153
8862445
7992462
4806971
5126925
2317462
8948707
1533643
3256773
6669815
6590030
5643643
4098268
2979879
7249835
1071127
8123700
4080179
4285350
8200410
5649886
4733108
8753455
1686654
4048855
4823290
3739700
9818722
1009254
5990167
4100976
7240319
3332523
8053390
3058273
8862041
9172015
7732103
6020015
7392538
3054024
2655460
8222999
2028391
6729036
6355934
1688898
2044820
9861262
1154330
1874088
1242882
3311504
5433154
1145992
7464714
6511302
1608921
6188678
6060107
4930924
1893765
2580017
1828640
1288267
7241838
6902477
6065874
1564995
7675198
3605434
6173392
6861164
3715987
3974960
6840657
6220603
4786048
2690068
6838056
1084678
9194501
2570915
7483422
4534010
8539044
4370411
1821393
2620885
1989722
2999914
5004958
1098715
6062075
1503255
3239417
6253301
8800027
1862673
3086235
9038638
4975634
6572329
8439352
3546953
8793584
2660041
9564624
2673723
3601692
8100403
2695833
6487259
4210869
8932321
2265179
8454880
1931485
2744005
5211818
6547659
1927424
1359748
4509786
8356805
5627601
4206622
4141196
5992427
2899015
3867926
2095981
2486978
2967739
2551059
5475312
4482664
7360625
8301022
4503427
1474918
3687253
9010273
3961068
1246521
4408985
8924799
2353892
9289630
5360886
6246275
5180379
9783253
2189276
7254437
2538341
3572040
5049678
8012058
3241910
6902346
3588926
4528597
8205552
3546235
8341150
4487538
3488337
8077940
4306950
4625281
1241823
9816060
2716314
9494977
2488207
1996391
4466209
7854046
3398589
6499099
5976765
5093406
1557323
4145761
2179154
1973324
3079608
1144311
1751932
9910813
7456510
8541490
9347139
1200835
2705300
6407971
7098656
7465477
9106390
3836968
9886424
8521066
9534346
7148987
8438229
1573503
9779774
6801314
7989021
8816619
1494534
8490828
9099208
9934297
2034229
4023841
7109815
7372782
1033773
7731625
5292233
5005167
2115396
4972121
7513018
2728438
3795547
1628662
6395209
9053175
8453883
1924683
2589996
2019598
9596520
2748782
6942844
9389684
6580259
4121402
2969986
6367727
6471385
6871235
2404521
8483682
7174497
2792108
2234131
1094111
1165767
3990819
1696976
6143688
8428047
5546992
8132995
8236076
2338963
5202113
2337215
4629253
5389104
6714623
2528807
9348219
3345367
2372927
3480774
1314453
5395254
8933764
2062926
7473681
8066099
2437784
5929712
2584185
2078082
9863774
4521643
3581216
6322294
9023807
9434158
7725066
1822790
5435996
5529826
5857592
6844838
5635146
4928444
9474999
7281813
4417111
7020449
4599231
9761523
5385870
2324746
4416847
6339784
1983281
9091871
2677822
7488417
9540615
2494601
1684995
5438294
5292434
9840520
4027466
9851508
3153145
6252907
9818319
3367530
5664535
7652207
7138650
5000861
3571556
2479678
4597056
1209628
5237543
9643457
5890800
7333855
5262383
3592479
8551961
4299696
5888735
4799423
7016735
2841278
9296754
7302558
9801884
3229112
5196887
1877745
1793867
9489529
1557257
3938623
6399336
9144323
7469381
1724345
2962726
5864622
6809817
2085364
4391752
7227373
9569646
7694941
4629380
6559477
3182706
8018146
3882242
8497086
9103766
6605743
3297837
5982586
7016671
5476782
4543368
5639903
3996888
6641517
4868739
5570783
2463613
5170546
8713348
3022186
9101340
6614608
7891612
5978909
2460501
3122626
8936790
6237849
3730400
2348893
4125143
7721791
3513793
4548014
4782583
7323252
6368758
9024085
3954334
9809782
7695001
6921075
7948038
9489109
7729694
2891421
2955739
9049731
4508426
7214288
8926209
9308686
5093604
8769361
8350986
7904478
9336914
6493535
4809191
8872878
5300754
6200307
2497957
2907459
4564529
5952322
4969958
5487043
3837381
9830912
6773670
2854347
4896388
7154781
3665404
4950963
4856293
3400354
8959948
3357789
7107949
6259437
6948543
9840148
6758037
6903056
4659005
9085615
1532233
5861994
4502882
5702967
2139392
9282226
9530893
9785526
1899713
8965536
1544079
6241793
4881891
9288813
5104405
7630689
1922515
9639965
5162418
2654928
2304029
7341640
9739688
3940252
7156496
5338483
6391591
2977357
5785317
5681698
9583320
8417471
5894715
3247440
7198249
3363265
8330149
4044806
7454086
3482545
2083461
6262308
1179972
7058161
8604909
7009192
6568258
6638808
3732878
2606103
4999322
7056322
7672610
2704526
2096030
2715226
2016574
3025107
3293971
6251583
6997756
9819269
1691005
3004245
1267606
7734043
1416200
5686109
6431666
2203841
7066438
1016386
2468736
7725374
8169051
7757880
7195709
4745787
3556619
7766291
9330968
8158275
6516277
8344198
9965758
9111424
3906391
2943845
4639423
1204486
4371900
2136643
6423880
8260930
4210730
2797304
9289319
9370710
5125276
2680507
8722140
8275280
5127780
3857653
3398552
6713707
5873233
6009103
7613540
7387364
6226461
6189138
9396309
1480506
9026167
5502162
7307764
4028249
3845949
3309010
8808040
8363196
5543577
6549111
2524462
2140932
9786475
7276037
1849128
7609983
4115258
4107032
8396571
4881072
5802286
3331455
3701192
6463294
5226555
9666225
6896372
6528187
8645573
1159983
6441508
8939793
1722080
7688335
4122574
8119565
8712752
6127943
8090258
8665154
2056382
6379819
7632170
9437477
6668151
3599573
3557278
1008584
9817997
1811108
7560297
4421046
5196783
7655817
9558114
2499575
8024824
6155970
9497306
8897742
2868481
7493772
1296863
3015830
4461732
1497323
6141380
3449240
1039501
2650061
4913631
8141184
6583192
5418732
7013840
8552971
7174088
3457261
6171327
5453941
4776191
2665332
3914564
3267724
2635296
7105398
2014045
4155989
5867068
3241262
5241094
7372194
9915702
1716067
8615995
8264470
9896363
5461349
5102206
4170386
3686578
9876589
6852245
9428999
3960670
6278406
4997091
8963310
2587300
2737695
5306348
1562083
2597913
4365774
9004862
6295507
9498522
1712573
1240862
2549621
6892286
2872742
6709076
8825636
9600243
2701204
3123036
6197242
1310479
3732201
7446942
8617623
7049256
3467953
1333518
8369919
9918351
9228977
5432123
1374499
8473824
9374042
9421299
5929322
1077107
8186070
6269412
2744863
7457172
7783033
5074430
6592172
4631573
7124456
8004962
2437003
1185773
1308878
3985788
9712860
3772559
7054378
1442571
3558047
2436987
7026933
2527558
2877865
2851618
8931215
6176472
5200041
6870014
2022163
1155830
5982265
6609895
4099011
9869192
6669029
8883151
9209432
5707977
5889635
2044374
3727651
5844509
1409123
6833666
6982069
4892412
4492284
7789615
1060794
8102677
6436024
6182568
1867103
1310302
3069643
5339387
8767312
5958717
3004200
6377874
1315329
8836664
8242974
6022076
5591676
9333042
6316226
2878256
9882458
1339960
8839592
4034825
6231893
3593680
5921775
5594283
5091534
4599104
3789857
5623099
9261073
2346742
8517675
4907433
6946002
8286852
6460268
3349275
3969123
4309166
2216033
7173436
9060267
5677663
3508260
2853410
8244911
3426381
2706631
6816618
5381872
5308641
6271840
2732022
3000204
8292120
1988516
9574879
1287091
8703204
7867162
1500019
1021686
9346994
2807985
4979889
7892439
3639733
7915450
2238697
5458366
3365563
1532966
3677582
8483049
8383217
3721812
9002892
3015558
4363665
7421751
3900574
7415188
8647043
2231297
6030453
9050795
3741821
7631625
3083812
2534577
7110707
4426043
3683995
8005836
5470840
6731999
7728098
4357396
5609165
8441452
1780608
4327868
9425298
1307528
4837131
2035885
5614561
8644045
3283304
6614708
4467893
3357433
5746143
1249341
1653597
7244174
3526818
1517600
4663604
5912057
6323588
2117107
2758467
9498158
8805752
8417139
7075336
3179532
3720493
6502554
6711755
7577428
4608058
2452202
6452606
5184718
5388502
8781896
8329452
4758706
4161489
2109769
6565564
9306044
3880886
4445309
6395837
6331228
5157061
3768135
7254852
5898602
4199655
7379641
3338287
2931668
8469342
9948670
5766064
6691199
9950544
6860871
5368764
9116244
7896382
3339423
3257822
2104566
9408253
7641362
5726123
4818115
5671781
3045076
5066271
1402370
6291477
7112427
2915459
2938747
1890689
1840162
4987216
5358285
7351139
2140364
6977085
5687344
5768739
9320659
6812422
7321775
4634244
3635034
3825214
3615904
6040324
9052865
9172423
2780789
5772207
3755670
4412418
6433305
9004310
2106070
5353813
2202999
5938624
8320426
7371775
8010611
8579123
4673938
9452879
5436210
2493140
1079820
6421349
9378594
7826688
5879628
6998675
4576708
1696312
6550391
3511796
5305797
1312170
3671005
3013649
3332794
9416207
9561841
6880375
3372289
9053262
2649194
2463170
8011509
9737155
3439653
5705194
9738672
2118465
1158099
2962357
7473543
6454217
4689111
2201024
2811147
7844500
7286854
2185831
4723160
7901407
8605047
3493643
7212803
6735118
2392415
4940983
9073309
9654340
5436672
6918101
2369847
7676138
2558020
8504693
2477661
9329990
3416160
9324921
8514497
2585353
6378967
9020768
7389502
2012658
7515228
2472904
1249057
2569600
2914641
4258621
8440877
3034248
6872946
8461731
6138742
4013874
1577480
4277688
2808274
4049438
3633352
6827650
6949531
1040959
3416886
3880286
4516338
4028336
3312862
1990458
2749311
1594538
1153628
6733007
7344707
3204368
9060490
1143390
9111027
3989520
8827665
1023034
4584152
5642871
6024696
4304357
2563749
8760600
9337892
4724414
4981473
4890170
3474100
4266150
1975087
9092230
2154268
1593361
7962354
1373266
4714917
1424144
6810335
6798531
5067677
4178032
3526957
5038851
7831762
7184003
2674408
7902911
9669883
3946916
5743528
1768133
2620739
6791591
3969382
4338751
5271541
6986299
8369142
8332833
6241328
2275666
2150983
7800025
9811368
4309061
9542480
2179751
1949258
7100538
3510871
9269271
6362435
7448848
7723749
8339758
7489130
7160660
3286014
9212086
5643378
7082201
7211164
4683065
5098472
5978006
3757241
5984370
5412454
2459561
8735061
3997998
5795367
9629406
4537612
3108995
2410250
2338893
1307026
5769614
1526677
4520460
5389153
7837561
3352128
2654230
3204249
4029506
2580212
6516810
1961008
8146282
1880749
2293650
1568419
3365355
8611491
5471629
4149077
5780942
3217834
7452007
2028125
4655444
9414095
4831012
4748259
3539001
8817997
4252601
5753993
2448751
4154639
3099433
9080748
6649955
9187111
1826887
8369268
8941227
8130492
6844544
3096237
2976872
2072400
9902675
8316153
5868530
6791520
9652986
7419640
4113862
1708882
1911251
6694943
7360585
2983155
7322173
8004990
2866653
3465497
7623549
4734451
8844785
9904980
2890100
2098899
4075970
4782934
6276744
8752676
9246329
9321314
2989441
7057690
8349416
9957781
9588366
1927692
4941046
5116976
9444400
8033589
8404622
4881988
2929057
4509255
5350869
6676970
9696845
5702843
3449494
5727521
8683502
7255931
5251080
7262923
3930587
1434999
2255188
8621013
6944709
9151522
9109621
9860805
2977329
1636652
8072928
2253093
3080232
1158117
6109177
4841298
6448846
7728874
4604709
4233155
5872505
6258889
1376104
5652012
5811193
5715064
2598372
1475571
9095379
9801502
1881387
2218439
8319396
3157104
8357962
6267938
5956950
9550987
1216456
5028537
7051067
5365867
7873784
9841949
1830842
6277008
4060176
2748270
6473244
7387343
9705551
1417831
1968577
4478445
6762826
5151329
2362281
7983440
6375905
1466345
9874811
2523827
5873497
5869339
1803503
1038327
4185437
9323775
1377597
3573502
1648988
2180629
3272144
7307145
1140590
6248853
5618892
2809595
7458006
6761562
2484502
5921851
2476546
2712556
7114159
4960801
2317184
3918173
8563211
3645220
4890196
8926110
6006747
9973120
8187936
7463055
2691204
5414976
4121188
6301920
9578234
7568528
9981169
4024917
7721794
4491600
3968387
9268498
4733696
2858905
3076789
8260235
1149409
9245296
3285757
1972847
5321890
6116726
9009339
5857679
3505736
5375741
8790754
1570454
3034652
8598140
4205651
7909637
3013406
4773659
1561017
5261270
9650860
7559243
6132817
7709177
4737447
5029994
8307723
1552334
9807362
4949354
7680341
5783693
5551099
7490459
5481391
1323901
8001155
9474254
3962190
8029164
1023166
2343903
8583769
7962396
6415903
2515240
7520648
3415755
8303892
7859402
8159072
8420082
3932041
9568651
8237957
2841914
8134152
8932565
9371259
1253613
9329961
4158814
7891093
5481316
4714666
3608004
1008198
4571559
3573492
8590510
6440838
7762689
4020553
3079184
9517888
6321087
4774496
9143529
7070639
9161937
6063110
8861868
9434195
7056656
6830320
6510812
8311563
6473984
5204138
9170327
7180468
6362277
1257746
9758423
8342702
9496242
8628347
4160849
8700317
9657620
8678041
8523861
2884170
1904792
8970795
3914252
6769292
5990454
8774089
6654283
7208086
5221923
9778416
4620356
5716928
2405956
3579440
9832496
5411957
4788199
7024664
2891281
9904841
1563325
8024402
2338575
2828192
1287563
2173387
7566972
4311044
5264543
2405784
6463610
2318663
3621745
8494933
1656832
9298777
6280034
8198315
4474626
5546482
8871257
4690080
2719263
3513090
1124036
4623307
2371378
6503929
3107429
9861874
2201817
7112644
1467237
9506750
1768921
7860118
1315208
5579902
6559216
3875695
2543322
9523590
5725600
6198412
6348996
4633485
6256212
8984367
8452830
1565157
8407811
8630135
5730314
3124018
7631528
1056951
4035163
2085265
9273488
8068569
2480246
5340792
3252860
7157261
1820720
8640755
1036696
2841975
3979990
5879343
9744224
5132048
5450287
4412628
9328112
3728002
6588383
3282888
2735272
5821445
7958288
3382758
9562597
6792810
4912866
5484430
2085629
5772748
4495944
4111588
8759648
4543000
1198211
5642294
1991290
5971449
7451885
8712122
3347478
4576471
9597233
1239119
4848391
1304529
8966001
5837333
8884959
6097660
4232659
1341849
4098543
5284179
9803422
7303749
6171548
2511056
2298451
8176678
7655182
2025543
6593895
5636879
9081169
8429489
7589087
9729185
5596292
5298122
9952972
1489540
9206006
5090457
1752954
6808487
5736005
2858966
8237765
5084328
1830686
4304227
1114509
5958603
3183134
1667166
8568207
5166426
1976962
6959288
5219819
3348025
7645309
9626606
7207219
5022114
5721653
6217459
3631748
3991337
5530061
2903648
7058283
7402888
2622281
7486534
3167514
4876910
1213294
6502245
1779011
5281735
9232470
4993122
5704044
8627101
8290825
8614613
5545468
2432876
3162085
5906252
6047224
4991431
5570579
9308843
1979762
7344317
5480035
3761467
4187585
6047341
3392471
6443971
1532889
3073715
1109815
2629794
3987546
2717756
3841798
1229866
8363736
2173412
7265018
3824912
3488343
7168643
7150711
8413952
9053107
5652801
6834699
1730055
7934976
1654895
6254270
8124687
6136402
3609537
7277932
9985238
3841333
5336309
9913388
8860391
7854130
7556444
6208877
4992420
1583025
6681471
3752646
4557690
1684019
4382289
7589299
2409092
4844418
7835320
8023669
8975006
9891845
9193427
2606396
9668299
4986345
1206931
6279724
2357193
9734010
9302685
7644724
4949202
3085218
5529660
2816742
6269626
3009571
2688385
4635050
8783219
3748887
4579707
1566804
8189785
6178133
6826788
5315090
2354665
7706094
5087911
9405700
5995498
2978922
1218400
9377255
6303372
2620503
6228878
9234697
2696085
6448078
5214328
6886529
9936405
2407733
9591847
7990872
3621261
2872084
9645992
5719315
6582164
8667974
1394668
3994315
7279486
8617562
6653279
1720529
2234975
7690564
2828303
7375799
2986965
5769223
6343836
6651069
3285182
3598930
4793631
8677007
5892376
2984167
9863568
1536879
3468815
1396124
4697744
7539135
6021404
1255269
3439302
2043962
1512002
5091908
3603482
9937944
2675457
9791945
8342952
8185982
8134744
4819761
8978285
8200727
3015971
9487702
3778438
2543537
6319263
7217150
5607693
3862504
2074628
3942630
6732198
5189665
8051009
9502640
3556381
5157375
9671874
6315794
8692976
1319560
8805757
6397205
5856397
8300313
7066222
3104583
7224354
8903317
7726754
9289098
7507539
9646844
6147106
1629845
5623221
9683671
8854828
5688607
5871419
1681210
8157811
3616655
7960168
4767333
4133989
6748901
9171971
6020734
3910182
7916719
8094861
1145676
9098405
3230137
1520825
7192486
3565764
9904614
5259280
1071046
9140744
9281153
1279428
6033720
6818885
1783012
6291353
8885581
6594555
6830540
7993749
3128107
8796420
8990178
2546949
5569707
7513776
9415287
4296612
7221947
4676507
1697073
1806857
9005757
6508062
2005390
8840438
4857987
8767409
3657854
4861910
2022452
2321050
6394012
6535389
5828649
6340126
5219283
2736803
6442026
3295135
7595058
3512708
2959044
3353891
7251185
1078099
3595335
6698752
3368827
5449322
7163695
2168815
9031156
6114061
4633215
6582552
2364129
7754614
8419148
4664764
4763710
5184434
6116881
3510371
6377211
4289452
1896786
8311129
5832136
4377218
5411906
8536049
1015756
6511729
3205644
1162815
6060099
4318247
1645682
4341393
9463703
8115023
7896014
6280786
8387946
5480813
5178352
1475913
9131935
4202414
9544218
1276009
2968743
6610495
1352195
4646955
7116131
3746241
8943808
9252822
7236242
9969182
8987910
6861248
1104682
6199505
5076448
8722390
1093393
6177555
4249988
2385298
5850038
4869265
7986712
2687748
9999289
1048214
3027919
4480429
8374754
7108538
2788637
1806924
3292742
8178489
6785159
7307545
8797580
1542842
5456492
5538568
6276740
9846147
6407876
6462913
7225994
4399306
7759842
5618719
3600529
7585821
3718094
1518252
4775315
8062752
4980694
2900161
7195251
6487736
1888602
6782147
6878232
2895490
6551566
9845926
7152329
8392279
7319824
2053077
1009917
5488653
1232866
1570929
5189268
9823487
3876813
8628834
6312459
9595753
2595674
5284917
8842915
7113174
2048697
1349552
7234485
7544860
7229420
5556192
1440347
1623801
2596155
5723771
3326937
7043356
2338529
9367344
6697955
9933953
7070270
1254166
7796793
5347289
8268162
6159361
8763355
1953132
9610746
8148678
9457669
8102731
7982339
9886064
1283448
1470541
4029447
2298773
8186026
9992679
8552140
6490395
8300772
9974980
2296752
6998699
8106848
9584050
6432528
6657981
6861482
4627139
7966421
2632221
9895367
6571313
3553369
1472537
2892001
2241044
9281014
3892659
1126499
7722891
3543508
5590037
6624055
1926244
8848131
9963330
6118133
5382226
9622560
7176352
6196077
3339264
9500940
4962861
9164476
4272016
1540547
2640017
4759792
2649606
5223140
9504310
5043808
9891881
7082081
1367554
6349519
4027726
3175684
2970736
1125741
8797158
9318151
3046151
2655770
1322045
1719827
2054656
6072237
7597574
5421273
7111517
1374928
4742060
7168473
9739365
3418979
3487974
5241823
3246222
1974530
8990457
3719121
5637589
8398898
7639445
3962445
2048321
2026533
1141905
4236569
1556425
7258033
4163652
2307021
6949590
5501725
5292822
6735885
3641931
6513217
6484323
6612040
6667658
7108100
2122513
7098724
1875600
7297748
6349654
7944964
3424284
6525525
2864012
2320780
7607378
2500370
4198235
3178013
5050941
8052688
7166502
1672399
8194634
4448543
3157537
3376991
7590464
4694568
1272089
2256658
9023335
9148362
2844473
5251158
2776682
5798426
8637986
4023728
8185253
6585924
5722690
7469558
4380967
4326920
7803907
5617229
7870235
1819617
2494684
3289540
4688851
8133951
7126499
6544434
8002558
6037838
6349543
5710191
5827980
1808458
1074412
3721549
7429271
7425156
3168761
2217476
2069387
2599163
3976288
2250351
4631374
9110107
1022850
5475536
7334469
5283399
5165402
7064453
6042446
5189398
9268554
1850665
9707911
4078265
9297712
5301574
5149310
2535661
2154927
2102089
2885563
1729787
5090171
5355382
8604164
9276759
4587539
4423560
7294264
5955041
4028512
9885074
1844690
1907280
4407569
1704054
6770259
8793227
6430989
7495525
8648149
5792268
8579546
9441500
6748443
1226317
9586022
2237051
2787313
6941115
8871668
6372322
9144196
5694739
3846989
7967294
2849138
2869948
1613793
5404820
2960355
4761937
7595206
6423087
5913665
6624991
6457664
6217817
2033383
2398135
9831709
1214163
2959535
7643620
7408263
9584674
3826660
7502594
9313530
8247587
7761365
7255690
6827807
3554432
3765488
7780265
2333418
9606797
4032771
8141868
5456531
1572484
6217560
2503374
6133415
7527168
5516279
4444704
3812448
4791021
2926582
5337576
7081828
6148156
5674373
8414555
7401988
7879008
7826326
6699210
5095260
2325311
7003214
1915948
5824357
7747786
8792690
9856701
1266822
8730839
5921769
5204614
2951671
1299288
4472584
5892107
6580157
7675211
7430350
7954203
3249753
6148383
9151288
8189973
7467458
1273333
9541762
6101281
8864217
2036797
5372909
9625642
1602272
5693184
3733686
2771765
6193771
2385253
1673665
4443980
8448469
4998622
3376381
7523777
6210979
4949080
9591903
9411168
2033006
4410727
2880595
8456877
4526215
2927789
6885459
6347375
7876634
2965320
2251704
4117925
2535464
8204816
5221705
6640693
4565755
9560328
1277912
9603723
8697826
1026288
9253849
4920478
4583030
8189006
2509235
3652807
1475921
9620795
9760268
1432233
1507044
9082317
5897811
8646881
8268870
1130057
1535745
9280658
4762732
7547623
2542034
3301277
9451908
8253879
3960005
1096496
7298450
9950035
5689777
5509338
5051520
6096027
4026910
8404180
6916630
3369369
2859656
9664744
3736606
6068822
8252805
3924927
2694927
6709152
5556098
5345288
5860548
8032270
5302295
3409462
4797462
1588158
9587269
5855187
5184144
8411524
8771977
1294344
2346405
1125640
1591979
3609531
6766925
6076312
6856770
4238158
1539509
6849898
3145714
2703438
6524965
8610941
5749065
5370110
1118349
9483862
3613372
3006014
2797414
5079508
8650334
5650185
5341454
3398820
8160886
6093454
3957236
8547338
8989044
2052584
1593711
6191862
8531389
2788589
5692113
6104235
9443212
1581324
5444718
9301124
8079334
6822916
1313953
3547127
8524490
6566481
1162002
7157537
2957396
6320539
5189419
2577890
1180483
3911355
6901065
4732285
6241168
5087310
6043592
3127001
4784982
8723121
8070892
7321669
6781881
3071965
1100003
9776796
6231250
7110380
8052449
5005453
6705295
4792541
9580861
4120662
8616387
2331624
8794066
4367713
4204876
9022430
2100600
3735712
7330680
9928647
2691323
3140085
6015526
5813107
6567910
8689204
5337334
3607855
6370927
3724827
3850252
9553649
4367523
4398832
3913378
3674980
9367798
9826001
9239962
1690815
9688256
7972563
2747958
7661600
1282144
9646838
4053084
9239734
2668348
3227635
7542246
1867906
8374465
8531591
2943045
8864852
4800411
7982207
9636016
9246546
1712743
4539088
7501032
1397797
4545852
1844300
7887542
3035756
8509202
1578467
4644737
2070006
2064587
9881691
1674149
9762595
8934095
6555348
2757359
3580727
8787495
3739883
1187218
5417760
4117756
2551096
4823916
9092969
4658306
2452402
4966184
1604301
6426614
4749351
9777829
3595231
6980157
6307761
2352233
1549379
4440170
8459736
3937217
5502245
9237499
3312949
4383740
1187541
6367364
2679865
2717759
5801464
3378967
6684320
6649200
3016832
8761360
1870660
3815775
1723666
4591098
2524261
2829747
3462342
7236049
4544194
8647274
5039193
4457942
4692519
4698404
9542121
6932594
4368113
5575436
7889196
9285730
3130726
1810394
4803332
2181845
2494376
6779152
8933678
7762242
7197745
7445244
7402073
7312250
9582938
7481801
5401639
8583782
1090751
4245175
7735379
7548244
3389523
3958066
9248743
5443705
9781862
8362226
7699288
2832794
2775926
3133591
2138740
6326741
5642550
3001016
7003996
4806932
1935450
6208925
5588893
2945690
8288464
6518702
5699840
6858400
5865410
1367364
7431194
5083396
7003772
2703494
4084524
4767147
8607429
1770865
8160342
8936917
3838837
2723351
5707005
7080268
7098914
2766235
8850070
7692496
5375389
4528876
5369439
9180945
7427152
8909096
9869904
4976425
2381791
3842740
5638151
5643045
9304620
2612004
2513399
6473340
3981368
3890079
3693606
5255108
9069612
6259293
2527144
7548096
9252446
4659139
3568843
5329228
2981766
6586503
6733127
7998746
9410219
4279121
5399612
2643642
2758967
9899408
1527017
4030531
7791534
8543249
7022694
9547495
7920059
2203515
4107501
8726202
1053567
5792648
2258823
5883092
7545785
1481892
4302866
4584747
4798427
2005150
3200722
8527925
1960094
7308499
4509763
9813580
1047027
4343974
8377223
7853688
2047872
9160928
5613734
4422646
3022300
5332303
4487834
2686210
7964462
8568627
1537849
4287867
6861408
7380274
6013072
7062801
2524846
9884753
7484489
1915754
5228672
2314259
6361820
2780233
6191857
5798774
4512306
6674483
9314548
8590653
2466857
9156758
3735615
5833064
6299944
2073783
5970299
4397915
9340205
9551828
9392628
6779372
1335722
1191395
8985958
9053685
3006518
3053690
9337466
1455047
5286074
1524625
5339204
5526071
7519124
8119585
3938351
5640840
2983916
3720038
6202748
4101271
1064087
4148568
7751905
2030015
4795161
6286956
2287239
3958308
3385228
9729592
5543028
3401796
8466232
6063802
7002028
6642352
5099464
2379416
1211863
4548217
2108725
8669735
3259060
4320093
2677417
3426857
8439465
1581525
6410776
8189739
5827824
2537865
4686271
4439816
9938560
2642317
8091317
7778671
7567199
9367264
1845307
3606191
5848571
8860016
5634125
8411167
4291213
8663921
3423375
2539416
2577381
4246630
9294275
5493207
5041683
3295974
4660961
7920601
7708672
7117605
9613764
6609867
7019929
2812110
7156804
9619157
4483831
8650472
4865291
6646908
9480639
4157124
6409769
8318909
6943820
1827917
2283162
3956405
1824186
7400123
8220635
2773631
4040842
3561721
2326346
9246378
7862056
3004370
1947518
2162578
2526775
7023839
4628578
5901642
4444182
2299288
3060987
2292965
7272778
9309063
2584690
7900656
9742447
7374252
1035840
6303774
7106453
1676706
2478283
5569294
1116481
6346238
4346728
7436418
5638203
8592254
5657041
4108532
8532591
8209024
8085249
9260092
9276907
9748782
9486913
8924613
5747455
9103906
1599245
8916386
6109235
3805389
7184631
1835001
4024068
1152551
3400561
8909275
4225804
1239441
2837929
1793275
8279251
4818037
9759331
3775726
1288277
7378791
1210769
6095376
3572521
8442368
8545001
6388685
7461459
5700145
9845122
2547886
7345590
3151976
8062851
7182825
6481819
5283081
7122955
1715679
4825262
2770741
3265216
2412638
4666477
6780747
2978982
1561777
3986672
7018592
1489715
4602972
1703663
8616518
7491115
2015805
6095669
1902560
1187754
6195189
1765709
3493470
3727281
7514702
7013486
7166004
2108635
9682274
8937587
6937961
2769897
8878724
3859256
9345578
9366494
3873112
2509393
1835122
1554340
7782890
4153582
4096785
5050918
5890280
1233893
9831898
3806999
1385240
2210738
8542708
6230577
7004701
9678631
2576049
6147820
8834387
4678353
3310305
8967551
6210508
7599776
3097468
5050028
9331670
1777480
6473422
4646088
5525819
4895012
6304915
3214369
5049289
3890459
7090480
9971774
7912544
7716623
1204320
5139750
4390082
5221603
1340455
4334297
1148637
2466418
2155588
6809162
6007247
3602769
9573597
3043919
2692323
5559274
1475337
4587367
5856831
8358907
8106265
2404323
9706100
6139506
2484807
6471540
3209145
8898722
3730097
8044681
4888563
1892227
6922237
3957720
4073132
6932691
2528686
7077593
2374372
9226677
3127727
2883860
6224307
5594234
7283957
6553603
1316694
2267264
9446663
8169480
9249802
5703060
2526070
5292200
1976630
1433540
1810431
6376303
6630419
4105028
2651445
4300305
4893784
6846294
3108283
6905331
2147079
3350109
5604235
8993643
1032322
4464543
3303319
9856080
6697153
6418446
8189411
3850272
8728629
3762183
1390101
5333329
3140761
4382923
1216705
6487724
5377549
4571269
9486626
7621992
6710799
3160402
8044702
2891584
7358401
4420967
6619753
5557818
7745191
9439347
1098428
3267218
2167382
2561667
2007174
5457684
6738522
7044152
6859384
7536590
8844589
2184625
9695340
1893619
7456868
1539359
8493116
4256845
9321128
2565509
8494732
9350436
2820631
4593289
4734923
5239616
7419562
6849424
5164974
1515237
6601829
7035068
2168011
1158551
8887521
6684120
7250383
6321876
4341918
5620770
7904552
4768939
4868298
2037021
1903373
6905503
5652263
2284428
9439472
4711299
7487541
2844286
4144461
5366318
1300495
7570143
2849892
5710341
4854396
8700222
7572683
5969233
8797893
1931544
6422784
1654514
7764411
4478387
9196111
4166536
5731873
7049410
2101571
3720785
9719834
1734845
9376454
5642855
2197216
6000058
5016821
7745821
4763790
5030896
1872290
6433465
9252483
2129387
8045989
4440552
4442650
4872796
6288701
6872936
2277684
2109814
4726273
8516191
5714892
9933687
9283923
3113031
1770915
8739953
2776151
9559573
1516248
5689473
2652927
7156455
2642690
2609827
4725960
3495991
9899763
9235972
4136475
3530539
1229704
5639042
6764798
7730717
7391339
3423234
8235762
2326880
3216884
6392708
4713316
1868598
4868465
6035933
3412888
2818147
1172996
3734597
2796543
5150384
7098258
5080282
7465851
5519994
1770167
3870768
3332000
3403809
2686476
4391801
8007407
9693906
5110452
1699038
1353826
2063277
8418647
9823943
6206945
7758029
2446276
9008752
4750554
8888796
2728088
1041376
3524962
6676704
4330212
4881020
7775968
6694531
4016118
2631548
9518182
3676910
6166004
9683359
1164864
7985865
7310548
6894313
7319156
5184813
3911871
4566425
6888006
4988314
7557931
1813352
5404653
6022519
6940032
4518884
7666464
5418441
9910922
5611170
6648821
1235531
8764272
4188727
6706017
2261831
3921112
1784434
4312923
5949990
5769129
1154384
8774598
9592266
4511464
1139897
3744202
8376949
7362219
7671895
7375134
8057801
9360829
8644437
4812737
2505457
1328125
8208484
7680702
1641722
8098246
9761848
2060640
3571098
5165715
1804726
2995619
3841389
7607593
8741768
9747142
6453569
4366678
7234329
4096390
8436397
2993014
5677200
3512107
4352929
2613638
9287610
9122048
3785564
9304062
5576826
9741780
7792692
2955586
2109843
8496369
4876653
9987183
2197461
9153027
7085186
6229198
2571424
1082398
1438730
1029041
9577756
9599593
7079544
4390738
1954099
4447120
4217734
2432677
4838773
5202542
6530513
7962289
6626986
8856075
1452524
7693790
3125788
4743863
1100044
1883089
4384981
1140497
7756339
1945360
3291873
1318251
7003037
6436860
7973636
4105991
3092296
5422090
8673415
1070028
4533606
2568967
2682336
3814802
2994630
5100447
6234211
2416451
9977833
4272271
7650331
3938341
2331132
2125543
5624634
8839717
2071296
3208949
2468862
7017411
7444636
7953190
9977913
9357693
1229681
8749178
2544368
3086285
4195430
6894818
2999958
7012326
1812690
4952496
1505346
5777784
8248034
1695381
5084467
7035271
7716306
1137466
4498301
4785606
8585332
7966581
4311654
9548368
2852961
7788333
6479645
5280023
7994666
1558354
7395726
9378797
7485887
9200008
9630008
4919631
6702253
6130744
6030372
5447563
1884378
5093928
8992169
9235465
7854958
7492091
8503657
2693618
7930374
8183463
2142641
3293737
1331807
2135555
9951384
7522093
8038210
7434670
9529768
1881944
4082650
8405201
6231741
3131982
4055448
8805289
4318958
2164066
4594832
2125019
7510971
2144489
4020097
8725170
6022509
2462526
7854999
1096803
7434076
5769495
9274478
8032776
4594752
7637569
5058307
2367926
7736530
9605893
2508601
9931882
9854023
6925493
4488640
8054457
5789120
1034887
2913219
2815391
6274072
1440492
7290623
2512320
9192286
2827043
3322745
9797638
8652124
8452199
7142796
1250863
4446331
2608791
3701988
1389437
5675695
9801236
6159861
9266218
8240222
1024605
4721892
3631341
9216734
2777092
6122357
6761318
9068074
6931949
7591953
8740822
9232848
9746851
3453834
9236756
4373088
3508396
7304100
7597002
8037444
4912028
2461621
6085186
1855309
5532866
6943279
1929346
3337270
3216355
4732828
3474421
8170461
4027928
2866369
3694760
8008095
9179790
7552329
9597830
8573468
8416866
2809872
8194034
9681500
1979479
8497581
5253731
7643054
8952833
6698959
2443145
9779865
4842270
1973801
1310312
3616116
3624636
6325768
1069750
8514488
8144591
1862569
1370930
3328089
7598211
1126902
3204579
3594944
7593400
3780333
7217841
6448028
6151731
2253941
5397686
3829429
3682975
1917491
9748622
2026040
3296769
3831192
4030534
9227589
8606868
4189660
4613252
8427249
4752946
2864245
3592477
8719437
1466012
9746625
8722984
3212905
2153210
1756808
8348255
1777789
9243028
3355242
3782608
8523855
1421236
9191819
8842711
2929492
6411940
1675567
4093793
2932455
3596992
8142400
6069058
8860836
9531276
8915819
3812130
9872732
2031908
5806369
2716130
4387005
9481042
5091863
7830083
3804021
2783373
4823611
5071606
8832069
3714087
1233121
1312305
6020195
7666526
5727352
2625474
8772398
6881157
1396669
5958642
1595366
5465326
3770292
8633275
6414166
8033647
6896551
1742640
3026003
7028274
4697552
6479926
7028402
1300230
9642609
5883456
7963301
7804407
5383497
5423966
7006501
9167716
3094525
3865706
2508347
8196607
3712156
5946949
7112988
8178675
6972475
8587019
8422440
5534292
4028224
4330110
2142865
6499094
7393834
5632161
8322600
5556661
4451755
3963194
4387857
6818938
2184027
2491899
7012594
6378677
6488019
9495397
3226700
2110287
7811882
3862594
2346720
9880903
2949344
6963884
3755923
4576960
4190634
9680771
8404866
7635913
8347052
2489183
4292995
9876504
8158519
2831498
5964377
2036785
6819130
2604954
3032879
9724212
8445761
5832869
1322619
1343142
7387695
9771825
5075300
9034099
7261207
9518901
2302168
9015249
1652632
7882713
2197651
5932548
3903560
3906905
1823385
3128015
8972787
1503571
2055030
5131588
7456848
3837348
8527337
6418280
4294065
1961025
6627114
9597660
8818203
9243372
8440336
4474697
3200663
4835000
2278310
2981968
7707203
9632043
3987148
1263024
8150823
1734003
9692197
5033239
2619054
2011773
5844480
7005274
4650065
7383194
1361808
6656224
6011495
1236177
4114893
2689262
3808100
1034581
7485697
1852776
4941539
3613385
6112135
4866394
4126084
5513478
8876826
3001866
7920103
7225534
1174905
2696627
2970445
6471409
5846586
7941255
8345395
9895907
3241285
2083813
4576396
5300640
9149636
5398517
2473866
4511527
6953753
8281733
8868758
2768474
5963749
9294759
2001008
5960063
4423680
5114245
5479200
8349931
7290210
1851558
6207124
9785336
6657944
7911799
8585640
3316860
2172618
9455432
2088352
7356599
3061703
9113550
3481749
1265881
2625590
9836762
3736324
2144519
6927833
2253948
5335080
6307646
6415838
8627303
6957700
6714021
7978285
8693804
3064627
3546987
1123830
4722474
6327197
2120216
2724468
5857210
8993666
1732167
3103012
4470078
2037561
7692255
4328777
7126423
7336156
6331626
1533672
6391394
4546433
5510189
9985909
5353854
3975816
5392481
6569790
9315757
9488506
2578062
2176724
4093111
8873188
3530181
9269852
7627529
8818234
1908335
4772119
2164034
1024973
4248599
6084633
1615812
2849748
9416571
1707996
4521371
1184370
7409503
8092953
3854991
6443339
1077596
9790903
4699644
3117177
5219657
3641117
8024245
4813488
2213084
6017009
9651938
7183654
2021581
1811504
3066176
7110218
7273271
3254801
2228257
2282891
6826041
8794023
9404837
8276200
7750385
7108795
1690595
4706797
7961336
1799942
4819125
5682732
3550365
1158181
9718011
7483107
7623734
5997733
3375191
9985488
8804021
5569280
1610618
2899666
2188621
6186371
5686514
3241672
9300855
9062785
6569016
5367804
9397444
1294120
2577206
1007724
9557247
6884255
5390762
9556976
8848535
5055842
6549800
6944496
7343056
1700759
2218553
9435248
2373065
3036105
2993046
9377570
2396385
2982144
8927354
4716810
7634890
8691412
1604610
3068508
5601549
3101422
8706399
6654877
1112398
6864108
5791228
3078384
2914896
8500162
7564112
8613958
6451500
1294524
1916205
3938450
5769448
9873632
8177133
8251101
7251330
1067317
5333001
4303977
5293085
4182941
9094750
9850024
6603573
3422202
2741905
2687960
8726713
2588384
9780258
1871814
9126300
9968764
1897738
4560330
4707332
2153233
6771726
4899185
1973284
5504886
1570745
1925551
4121009
5586209
8779585
1678116
5212686
4955448
9084583
2037845
8282452
8154366
1276532
9998083
7730908
7173747
8695081
4021148
8584294
7051299
7213178
1838432
7333701
8724638
9715701
7882193
4656840
9405807
2224211
8799962
9253846
1231057
7001574
9698976
3763269
6428530
1167734
5947263
1606865
8343868
6213793
8659250
8353489
3504188
5394929
6295961
3151747
8487200
2674527
8351421
2325956
1219436
3018282
6009120
3793339
7757218
2871934
7352630
6889432
8937208
3588140
5106662
5831279
5354499
5173716
1358653
4855733
6927380
9883538
8933170
3039535
4721996
8844756
3888550
7775375
4122959
9878603
9604958
8787357
5938193
6292424
5280890
2118301
6690739
2677188
3657811
9277559
1774229
8353580
3521524
3105220
7324508
7668909
7674510
9022918
1069827
9182840
2913411
6402086
8301622
6515842
5676049
8534925
8992185
9961244
9280053
9677835
1515324
3147443
3836535
6303978
1030226
1231713
8495927
6271739
8821608
3439553
6824558
1128919
3435466
6082992
7351388
6134603
5147375
8976394
8381262
4235858
6061385
3155750
1584688
4803462
9397557
4512632
8802153
6855740
2885321
2793706
9268653
1599492
7090615
1510090
9819077
1384586
4895782
2009194
7494233
1067479
7267015
7429695
3508514
4532739
7546383
6043381
7916004
7203194
8690024
6309193
4767026
2687724
5814930
9886167
1472544
8357887
3428326
1486258
7002813
9621199
4873675
1567253
8109955
1314383
9987607
1516491
1429027
2944073
1733820
2363243
3504439
9457022
8823932
5724920
6133436
9338735
8557777
2160935
2058690
3726701
2022596
4045252
4133971
5935510
1668410
9462391
1817300
9710570
9104667
6863646
1284526
4825531
8619790
2327182
5632494
7540081
4341917
6230927
7815826
7850553
4586248
1457311
3433783
1014199
1782116
2468912
5797249
5406105
8457040
6600541
9611370
6535240
4459043
2795143
8653420
6243935
7098622
4364344
8469311
4591790
6463202
6811652
3361198
9012870
7837162
9807518
1314597
8773393
3552541
5725780
8412121
1909911
6916449
5265703
3944002
7861938
8394691
4991645
5327889
4880796
7478862
1239380
4310296
8524540
1017205
3882908
9343646
8736388
7057576
8589062
5055829
5830317
3765782
1172196
3759871
6598316
6069929
4115982
4566268
5952535
3481616
5194388
8232977
2670608
6171478
3866258
9636274
2825740
2065421
2477814
8223516
7296303
7034748
9601805
2589200
5942759
9247515
9481754
3288862
3023003
1170261
8098915
6609033
2196893
2511116
5110310
9392846
4697213
3105034
5562495
1327270
1174052
4046904
5726846
4684617
9026139
2780458
7899464
1622029
4826005
6710671
3849612
7841778
7211245
1862705
4813997
6222666
4532328
3713330
9783584
7525277
6793978
1587393
3446969
2963599
3652552
4446828
8269636
4404618
9390186
1113985
7162982
2868350
5911508
6756301
7644074
9029193
2340732
1291035
5436861
5098697
3460862
9805550
2288640
4944005
2493226
6176660
7830834
3259435
2658949
9167058
8754805
2449696
9030913
2471446
7716461
9743991
3900797
1655722
6479565
2748642
6256561
6237342
1117701
1166210
9048940
4307581
3967764
9296224
6771656
4982944
5442762
1143098
9766335
9846733
9773665
6427476
7314541
7447003
6653795
9773797
3888130
4253790
5699341
5444762
6911372
8642448
6983564
6738561
1891978
7476943
7288824
9535132
4020458
3254690
8749416
7719698
1694375
5969985
7485469
8647320
3521686
5440292
4446232
8560812
7847571
6825787
5767851
6910112
2660777
9748709
5912856
6551760
1913895
6105384
3975325
6652876
3732107
1607273
2577655
3800301
5385814
8898551
1080995
1933727
9837447
1464441
1707127
3224315
3205549
8352496
5717024
1639879
6148610
1432749
5919218
1983027
5268552
6754121
3890489
5075186
3162443
2277394
8677753
9102448
5082252
4402261
8477764
1059379
1279687
5008205
8147588
4670324
8246779
3271839
9208603
5663906
6568460
7565727
9494007
5704135
4772572
5797574
1117889
3976921
9566325
3966292
4784038
9995784
9437226
8258508
4034660
1041169
8957449
5139754
7214981
9532479
5903607
5864710
8198822
7988638
2491913
8392545
7718206
8500413
2929544
7924464
8866663
6812535
9979368
3364420
6028413
3270650
4717863
1780595
1812224
9076297
4534667
3211113
8525290
9258086
9171302
4929753
7884678
2434231
4285476
5469199
7941150
9645236
2991367
5331184
7847779
7414460
3532301
7508365
5616799
6372925
6462238
7797759
1931330
7510280
8948938
6885769
7439844
6740643
8369691
9280427
9806473
4190276
1526424
1723820
5699225
2526277
1618163
8490990
5304462
7239765
6109447
6466957
5795582
9365598
8469984
8098316
6576379
2260528
8999013
2386492
8578885
5092249
3865632
7199623
2436500
8566710
9363667
4565228
5354094
1417805
4788166
5209900
1381181
2528275
1091351
9849968
9451162
5968472
7484549
1612278
5702386
1532443
3027880
3049648
3557577
5497625
6792050
4928558
9861456
9644089
7632351
1441294
2064597
3267367
2771010
2241980
5784426
4239865
6797855
3400454
7800121
8613902
5678208
5312976
8758748
3821816
3164498
9256479
5175187
8825558
9563422
2781840
2353684
4807788
6917285
3019819
9625263
5465512
2066250
5347433
4834568
1672272
8794119
7429240
8007553
2886868
5001767
4869788
6550321
4856079
5703267
6433169
9206114
4304972
4480496
3044572
6808018
9253330
6156301
4094881
8833374
2239535
4660991
5174764
6207800
2705215
1301029
4493630
9274450
2862454
9407928
6041421
2273730
9388345
3623075
4894933
7013692
6783631
8396174
2916231
5657767
1261452
9168059
1554180
7329172
7151852
7496469
9719652
6846545
3768994
3788294
7274810
9906773
5470688
6882249
9186988
1869082
8748069
5746016
1187747
7437249
4169818
4052531
6132107
3864107
8546956
4394199
1217544
2638969
2580818
1218563
3732180
5013736
6425355
7373519
8856527
1081892
1289034
2797111
4678189
6473133
5312809
1373436
1357815
9462861
8332641
3185811
6958856
3200889
4784474
4958563
5895050
2464372
3222828
1945607
8775981
9757297
8116534
3845876
5042423
7715919
6673495
2894406
1180800
4718408
9750661
7714436
5952843
2886817
6792769
7655895
2141755
2928986
5362752
6526999
5077455
4710440
7680408
3043904
5167050
3741666
1821176
5270840
2760962
5295348
9804699
7059749
8666614
9695497
4133259
1614395
5451798
3508025
6727482
4157002
6679542
3527524
3510432
7045507
5403377
5063650
5626515
5162133
4264020
7693658
9473590
5247257
6599847
9262955
3644176
3974981
5849754
3634419
1895272
7522160
5389535
1424775
2994055
9679265
6659380
9676777
6043998
6295461
7412662
1336551
4562358
1793318
9184107
8405879
9232571
6611153
1499691
6723707
5885259
3899434
9192639
4397266
7593689
3584748
4808046
1396732
9064302
3499499
9995166
4716326
2180490
4518366
3743878
3991744
2032218
3624190
1976516
2639333
9468648
4401683
3326536
3182267
4967629
3667234
2738018
2120262
2948121
1726395
4997015
4080877
4280666
5755267
2111487
7665630
4504199
5755140
4834512
2316101
4443232
8009171
5401589
8084200
3901933
5211288
8104873
1457970
4820912
9615128
9678923
4171216
7274459
8183820
9333361
3548621
5297894
8880507
4177280
9227580
5421343
9910524
5105168
8273412
8585934
2538577
5058166
5359485
1569157
7426497
1655175
1378065
4564605
3540771
1204659
4040934
1172205
4124653
1972635
7959865
3629854
4369438
7888554
8132462
7403221
2563705
1224517
3089143
6482658
1990608
6017561
8538526
8666982
6635832
9551226
9940547
4678125
1688576
1091797
9232055
7827144
6397524
5986585
4334381
3285336
1604182
2550612
8750004
7177951
4686026
7704274
2987193
7625680
5898555
3030360
4982902
1638810
5820634
8535884
9948651
6542555
7606635
2810329
6074239
7760870
7095099
2377042
4234581
6507415
6348274
4910055
2544073
3207479
9217933
5330656
7145071
1782393
1330070
7886243
5240716
9889437
2570505
3666185
2647055
2336717
6651231
7674018
2341055
4924415
8027617
2188942
4247128
8953253
5437945
6972062
1092468
8009939
4886593
9916008
2981637
3846029
7340202
9480325
3784491
7625254
1275990
5052242
6939063
7677738
5457867
8194584
1854301
4654108
4020805
2931929
2884610
5238959
2377951
6255992
8876843
5326571
9034994
1717480
5059642
6265805
8328096
7089304
2147739
7145536
7050794
6418615
7480975
2708322
2542148
8008376
4781056
8493501
2240552
5474072
4620218
7311325
9597315
4263435
5650329
4430395
9805773
5413085
4585801
2529338
8066701
3840948
9357870
7593585
4847097
4549810
8682602
2626322
1186732
2027661
4698629
4645356
8026118
7232969
3285326
3192117
9126806
8297921
2404142
2980085
5824900
4842331
8258538
9537024
5717318
3729710
6743704
3685646
3078555
6884871
9589709
2989524
6841213
7467278
5428982
4340356
7398584
5634641
8938859
8829750
3524497
1236253
9165081
6234050
2970622
9838755
7836755
2883180
7718218
8064119
9614590
3804366
1950902
3431309
4561871
8070269
6347972
3509912
6368101
6621535
5347567
9432970
1746198
5949149
9805687
5156104
7181381
3909736
5071719
5940113
5400947
9146089
3817804
2816860
9317750
8607036
5767170
2453179
5407743
3189795
3460967
9105575
5854027
6776111
3511347
5094598
8476322
3534074
7840428
9784361
6405704
1853879
4933991
3426903
4406645
2418864
5251568
9342221
2587662
3198086
9223925
3084738
7953080
3872348
7379477
7983590
4962794
9841626
3617684
4731619
3138060
8995485
9345714
2325013
1962364
3254018
4303663
1829091
9693334
6003180
6064646
2779219
7174370
1495335
3259732
9217422
1323841
7978232
5580577
5169112
5277054
4353259
5246934
9229702
6817607
5930317
1047669
6447638
9906045
8454072
3959295
3935528
9719343
3798608
2696867
8814098
2353584
5726006
4305249
3970774
3499821
5006279
8995277
3859206
7782117
1383156
7145988
6008727
5299785
1144916
7510447
6875502
9872149
9407064
3793471
2039739
2598821
1073955
6183773
6463068
5482719
2086351
8542284
3322965
6251466
5469686
6927185
9513357
8928630
7675389
5695958
5145442
3484875
2489128
4884691
5021965
2635933
6853098
7227733
6950505
5678562
5593138
6241899
6336376
2448938
1194821
7016076
7875729
8279809
1285131
7935336
2716515
3255360
7828506
5190208
4432659
1820734
8930756
8244270
8428227
2452593
3577998
2920924
7603423
2240052
2343420
6402710
9949372
1973278
2986193
3363043
5925520
6823320
2747785
2963635
6968112
1762795
1130313
3055661
8433189
3031409
7877167
7648024
9136086
8187029
5499278
2843198
9334363
9581130
7393769
6356139
3178547
2480325
8584948
4097615
7654408
1885758
7031931
1105927
4279022
3612244
9770961
2232849
8129371
6565109
5589781
3977711
7690755
6266926
2971461
2596040
4535077
1327790
8147455
6408923
6631333
8236227
3411078
4328794
3227059
9801306
1339211
9579138
8388893
5501271
3806219
5418892
2837750
3148133
9874565
4568457
5895578
8240691
9597140
6141915
1316888
6401205
7038789
9335834
7027205
5700165
5374216
9172617
4048055
5466964
7224316
4219836
3319485
8309052
3718368
4902622
6187283
6767468
4369104
2265992
1996515
8566898
3292774
7017446
5837153
6678005
8677758
6294565
3378519
8622128
9521216
7803527
8366080
9650831
8315517
5058917
5374639
4549395
4304104
2571151
2235196
7257398
4552340
1013777
8931872
1593950
6552417
7885035
6583067
7694512
8893929
4063953
4603245
3907683
6260477
1003694
7828685
5711992
2888080
3892398
4407614
4146628
5127237
5037011
2818774
6151249
2370153
6147672
5411948
3698315
9310043
6782181
5666455
6838470
7324725
8583341
2999191
4706005
3503397
8123663
1609882
9059007
6002194
6499874
4928366
5111220
8165581
7436587
5876536
7589320
5822713
1526893
8804932
3882261
5452426
5072911
4861830
2093788
7451198
1422541
9302455
9611071
9088710
3673724
5099627
6137800
3391646
9003894
4960784
1477900
1509806
9452363
5861724
3922821
6044939
3182829
6355127
7278254
9055852
4588568
9241952
4183399
8752770
7332077
2256565
9858098
4383286
5809211
3501981
5633836
7374933
5695695
7189183
7799582
3186105
7622491
5178887
8075603
4750134
8329913
7676077
9119275
5831165
6972690
2558292
1062020
4668761
3632130
1675339
7116549
8013703
9622645
3797051
7848938
1881315
9280836
6678728
3245736
4996717
4830095
5418238
3998019
7015994
6288410
4318675
5638525
3772215
2850910
9266127
1199234
3459668
3056291
7877606
8928463
5413469
1993962
5784406
1204682
9572416
4531064
6415859
3572688
6826705
7007146
2556001
9195630
3938990
8464247
2008631
9516660
7960456
9528754
4036006
9357324
8565358
6069551
8277514
4773288
6071448
1914320
2400177
7118492
7005499
4420009
4929888
8212805
9690010
6178237
9332458
8542122
8008025
7077861
3718573
8968846
9173207
9579188
2442368
4251908
6454349
3274727
1015060
2743184
8293353
4250111
5586197
3685332
1983700
9683262
6935756
8536683
1474196
6240745
7875128
1845818
7863579
5789348
8774254
2922504
1060452
3168644
9906854
3532925
2828441
3920640
4357666
1966451
9438905
3890821
9601864
8633415
4058354
4056568
3437320
7293215
2386447
3431667
8071769
8180761
2492901
4761047
5583407
2242270
6710063
6467937
7438632
7908234
7191838
1935198
9595233
3755705
1414281
9927133
1001510
3056751
2905783
2019761
3443842
9811283
7779177
1176782
8681016
1293333
4972225
8847271
8432329
2409188
9669731
3878502
8746963
8803342
9910398
4100144
1090022
4734115
5714482
3278846
3458382
5732931
6628479
1815364
7939501
7474580
8824398
4125197
3179783
7591980
4210431
9469169
7179153
4760720
4623955
3820436
2141303
2346909
6704276
7038931
1729741
2076895
8512016
3820389
1046121
2390369
3529561
7444840
8527902
8245393
2599161
6750117
8285433
5607017
6200486
6216475
5888321
4322160
5723086
9850893
5964096
5790681
2571242
2643660
2560101
1345786
3925846
8009029
2344784
8989175
8137829
1488027
1655290
2858323
5972748
2560826
1449736
5463236
7846115
3274578
7973004
5378163
9236071
9839152
2300344
8301043
8173843
7482828
6289488
4768201
3260606
2632315
5032786
9736242
6881314
8705370
7119025
2506020
8800228
7062108
1920101
3526079
1286102
8346108
4083223
2887253
8784631
7701371
9533131
7873055
4134283
6933028
2870487
8763586
1317078
1656513
9064936
6811163
4944393
3540411
7690769
1222788
7954547
2963178
8334233
4930725
9402852
7646151
5026234
8942792
9097684
2167773
7477252
5430444
1519359
5065212
9559153
6119670
5874833
8248148
5069792
4206028
5459755
1687988
3095752
1884883
1511708
6381648
5156385
4587129
2300776
6569750
2194732
4295999
7061314
5575404
8745292
1785526
2464975
4644586
7821663
3564614
8854229
8459391
3835497
8178478
7502662
2357556
1596485
9899999
1598011
4172281
9130312
7004563
9280216
2135244
8952539
2590183
2463697
4983698
4368573
8006284
8748399
9193632
5989414
3038054
6151910
3006722
9133613
2557917
3217664
9233549
8575029
3906775
5706776
5244256
2707427
9083648
9431745
1804247
3170456
8839936
2178765
1313578
6601184
5035650
8284032
8233858
2672219
8528304
5224036
1197738
5661583
7951093
4662237
6002880
3770300
9826964
5812407
2325509
2451532
2203443
2594335
9387178
9407919
2113538
6141156
5003553
8480825
7816151
7906204
4108917
6498099
6427741
3190213
5795783
1876171
6154482
8293288
9555594
6803162
2791085
7160537
9075306
5423058
9044371
4618255
4071198
1780094
4391701
1781821
3538924
9542477
9546586
5872005
7408670
5922198
8545262
2349966
1121917
2619648
2959912
3823792
1352642
7857875
9473125
2102532
9409361
6585896
3305188
8486052
4529685
4913968
3710185
1117490
6402373
7033312
6461320
1563254
3147019
4381491
2923644
5911227
8450397
1685035
2401415
4694751
6400701
4139084
9688207
9131747
4864099
6304762
2372083
9398502
5196829
1879328
5505175
6301266
6294584
3169996
5990405
4340462
2827138
3833501
5722061
1631060
8775044
4319857
3267927
3711002
7307609
2164968
9811064
2734716
1519914
3040972
6343826
7222241
8345922
2172569
8524420
1328834
3492393
1393336
6014924
8147457
6237971
8463556
2261839
4453767
4009181
6677572
8523486
9026608
5192638
8969046
6347293
3957590
3160066
1185454
4079443
1354959
2603682
2941128
7821187
5197878
6765574
9538748
5708175
2646830
3225390
4224553
1983855
8762503
2177915
2180952
7228815
6479426
2244171
6119671
3963623
3462866
8424340
3974882
2661918
7468226
7516184
3603099
5456139
1958182
4515426
8042613
4228935
9440439
6742749
9773939
9244245
6084877
1166360
2345453
2807708
8505829
9885093
5937234
7836700
5034576
7165263
6814727
1505372
2852615
1382830
4641706
2567441
5688017
8611841
6259216
1756135
1660691
6030481
8141764
9436505
5275408
6840242
4783482
3112863
4173581
4487690
6968277
1044296
6763901
9833366
4506194
9258562
8969340
3739298
6577441
5770388
4110679
1178388
2176389
8770377
8105410
2793879
4451755
2780754
4500457
1427277
1319044
5347863
9398006
1963313
9553831
7033708
4974591
4686409
6656104
6877139
6903580
8361610
9044266
7019457
2829399
4591177
5671476
3177600
1815358
7394992
2243820
8680928
3453046
2577369
4686986
5850232
7966378
9604222
2375275
2384430
1794925
1338590
4910381
8266650
8755521
9406418
2321801
9156213
5030942
8220895
6339196
9333771
4513968
9650467
4679248
7211409
3929971
3590810
3944358
6005936
7972898
8104487
4789609
1300751
8118025
6557268
3539982
5052463
6806963
5992173
1980684
3223883
2920284
6438844
6803217
6950022
6891926
3440586
9036437
3132642
2502000
5925515
2233870
4750617
5675336
2266527
4390694
4679547
6462574
6623856
7535164
9671024
6095453
6002790
9645311
6033164
7634695
1164433
4930040
6184324
7615693
6968852
9525965
4215731
6648930
4660418
2259575
5630985
9142014
4454252
9139671
3389398
9836728
5306433
2632459
8020529
8840741
8661900
8480859
1391089
3076042
3625852
9185460
1723456
3596580
7631532
6521344
8363545
2353592
8863357
4144428
7476141
6161440
2591638
7085247
5110600
2391005
8617089
2705627
5810323
6468250
9383133
6351270
1694690
7319654
4954714
1859010
1967236
4932468
1018875
3469119
4850518
8950903
5411341
8342107
4641109
4322712
6178965
6064454
6341288
8732530
9915564
1524322
7163060
6816095
9945195
3209168
5379406
3331467
5994993
4188386
1107755
7197454
8823472
4200925
8550269
8703255
3918444
2839983
1712836
8536169
9089121
3982956
2236401
6693225
6091437
3632807
6340301
5165264
9438481
6225429
3484744
6596379
2126580
8575880
8441774
9157684
5661195
2153629
9742026
6346499
2541983
3450177
9594312
1836264
2215220
2401697
4028062
8567316
1657027
6928725
3564931
8988142
4644308
4443922
9777185
8039408
5878738
3522927
7799226
2001665
9550610
6853981
6678091
3027181
1943284
6811585
7939657
5234487
5526606
7858279
7920080
9458443
2754178
2154262
5582913
1832215
3510789
7685811
9258698
4606317
2660092
5993169
1655825
2552530
6138880
7565147
6274596
6245106
6229492
7984431
8392707
8732209
4205775
1615710
5014719
5807411
1145545
4283525
7701348
2765036
9391757
5654770
4528358
2391286
3256704
2200838
8400940
1198279
4866837
3259987
9901267
6539256
5009034
9391264
9175336
7186647
6878851
9634999
2050732
6556422
1351449
3495749
9846700
6645041
2071688
2840418
5922734
7115276
8921361
7283340
8025846
9724272
8811939
6438798
8924950
5283398
8692951
2905489
9037005
7957112
9937541
3174223
3056726
3271669
8675602
5688076
2245779
6477446
4164501
1480108
1978741
9874582
5298075
8511716
5526719
5259299
5466374
3598167
2618859
2226486
8074129
5123373
6654074
8800309
4790568
6033808
5140183
5301242
4713321
9527833
5616797
4396400
3959564
8989196
6427105
9347260
4227383
8048363
3367665
3440374
6563328
1598703
5568585
7273637
7998078
8206400
8410706
3188198
5417652
6068968
8846452
4705379
1916024
5514332
5117116
4194674
9052357
4402683
2829389
7434529
8363774
3929526
2685994
8384022
3651340
8394797
4630940
1523095
2108211
4953646
6851727
1315080
4780343
8848865
7812357
4595183
8012348
7156678
3083692
3075101
2157985
8501603
6121954
8717252
5553129
4674851
8300533
3560096
5394042
9704980
3463355
3800019
2191006
9140142
9333712
6426426
7339346
8868216
7794997
5327220
7585736
8326084
6574157
2228674
7422262
3029906
4615817
6611207
8301301
6886520
9512985
3933809
9785957
6632844
6436228
2622096
9209728
7278581
5789278
9585701
1676219
5032258
9366707
8451029
8559607
7188561
7019412
7932466
9123920
5836545
4339849
7525259
3256356
5071144
5927704
2152812
8866471
6614920
3844780
9747093
4378345
8720731
7034783
4973444
3010269
4449355
3143806
5688481
9486735
3338839
5738598
6281547
9209418
4067435
2873381
4385060
6085402
1844448
2678496
1870373
1618288
3165858
1171072
3609308
9670213
2582775
9476480
6472092
8130272
5824907
3007340
4623526
8391620
2743074
1776679
8472781
2107489
1807594
9324818
7279557
3903873
6057302
8010460
8371781
3045891
4953712
5454414
3773025
2828177
2461830
9509025
6899008
6814742
9286819
1652964
4992893
6919862
4577181
9346681
4584453
8825518
7096876
6679280
3466354
7803190
6936037
8005580
7045150
8940711
9079468
2312892
5167888
3638592
4796657
7966851
3756560
9462573
9388900
8018179
9386326
4603929
6977895
2210826
8621771
7814802
9482958
3272398
5183853
8573463
8256775
1062849
7092669
9906054
1798637
4754089
5752714
3516113
2223523
9162139
1720647
7849911
2068933
9913455
5447750
3269395
7382843
6441107
1687136
8464556
1148074
7395077
3291051
3882870
8676876
2443935
8980243
6111418
9565617
6461754
8659861
3380264
2768872
4320292
4518405
2651553
8248060
6641426
2069692
7991337
3622467
3675534
1900284
2079303
8262553
6790192
2914807
2614377
6792352
7816563
3270772
6943682
2599702
4165362
1823918
8440121
7197950
9473158
7509216
9162615
9725622
2819105
3739299
4029262
5676011
4374299
5407144
5463841
7694261
7846616
4662071
6023455
3307135
1827354
5153237
9344420
2428476
2385291
7258152
1592657
7752025
6252181
7461258
8467922
1709231
2755368
4161042
1315807
5975797
4679889
7405253
8037530
4783465
4313501
7106032
1841734
7644039
1887168
5110756
7740318
2476597
5168508
3727504
9940304
9029557
6609385
7422184
6393279
5322646
7151226
1246963
8001135
9513016
4522804
9509818
9223283
8318429
1733884
3586533
2561462
2033809
3505489
2602676
7508245
5192193
3190022
3485991
4975206
9680973
1960055
7558819
8964085
8400022
8731457
7397827
4444507
2977577
6089183
5752663
7388280
5424812
2606857
5818336
5360396
6709280
9704223
1870627
8937844
7719450
6315091
5239313
9303710
6077162
2441421
2244109
8574045
7477925
8740208
5061590
8861872
8758117
6443151
6002030
6022997
5889165
9644205
4559572
8856420
8863514
9424620
3741526
4522799
3216733
8448313
3704124
9275424
5286418
6055868
5190254
9614886
2521620
5653830
8610890
6092806
8392476
7435341
7240457
1990878
9232400
1805119
2670538
6464862
3855223
7381508
4669551
6944988
1454438
7203897
8702227
1188292
4133402
4030436
2556539
1997697
5127271
3397194
8946506
9671175
6532937
1166082
3863212
6713808
6291995
4225341
9715054
7999959
5383170
7287787
7329220
6458245
9377842
3847255
1241292
6474876
2611388
9957336
2486510
8601583
8507526
7248689
9105620
3163056
1646419
5281204
5877241
7501912
4731509
8764858
6309863
8197182
5727219
9352160
9399176
8648397
6693609
3237100
4093223
8301213
6090641
6967850
2852550
6307717
1861337
2559539
9326225
9218167
5055229
3595301
6366573
3293538
8539107
9187141
5739793
4352034
3248148
3931703
5914550
7099051
6125409
3240681
8000295
1543952
2951814
4115795
5097668
2116333
5599246
8717448
8379922
3980415
4049603
9910682
4439673
9172775
1272447
9832807
1234364
9537925
7137211
1334978
1536727
3363755
6110653
4774870
9506338
2477965
8432645
7037471
9175619
5607255
3871513
4974481
9507554
4920860
8015287
8331023
5298235
8571821
6657842
6867159
7046663
9961083
9969714
8846270
1658100
7407971
4040002
1799914
5935936
5653580
9883690
7818153
9879956
1352644
3687276
7619083
5773398
8404456
3218080
1028189
9891571
4878813
5194278
6226149
5981488
6213039
2334776
1561082
1668910
8931923
7165125
1662803
9891960
3699244
3191989
7153994
6469223
3900286
8393166
2829874
3115314
7933807
6188292
1162610
2114231
7076860
6936571
2330804
2598179
2401961
1473709
3251504
1034392
4410679
7486967
5003391
7430090
8839228
5337198
4311739
3585941
6344734
8465746
6747006
4779556
3301558
2487198
1611125
9309776
4598076
4624423
1407126
2837267
4144668
3217053
7429804
5676801
6299931
8454802
1099694
9080086
5448292
4252918
4722416
7032181
3676483
7286029
2327405
3408828
1972331
6137888
8794400
9202893
5428153
3555101
2437973
3690659
7021668
9701672
4802357
9017165
4767927
7759354
9267023
7129154
1570907
7117759
8361578
3012961
7920812
4755392
4289854
3963729
2993878
3493740
1510712
1858143
5249609
4635210
4150011
1695831
7612730
9946527
4830424
8134138
5725506
2755730
3262443
5437127
1048345
3139564
9716424
1823963
6188483
1605997
5198889
2487637
7415701
2480966
2394868
2132752
4579006
8693577
4105255
5800526
8724154
6866100
8333453
6559976
4480449
7647435
2053214
4884014
2075903
4397890
9566920
7480634
6065718
7155395
7873285
7299769
8138188
5855556
6575556
7419403
6308479
3447356
9040337
6246496
1899810
6636360
2110647
3391617
5986594
6334492
5667158
3831946
9578311
6835961
6640812
5404955
2578561
8894573
9798963
7010233
6611733
9800258
4522063
3073300
7526088
8427675
4376002
2827182
8150813
3931302
7161758
1824652
3641307
4119999
7642084
6483637
2008940
4002619
6032455
6608936
3413087
5311802
7184490
4827864
9704932
6565022
8047810
8945809
5323919
6491687
5638729
9739989
5845086
3354026
1964989
1542820
8210346
6143831
1900896
4281041
9836225
5038486
3174070
2841671
7875827
1805264
4254361
5128062
8393045
8116272
3291893
5391862
2817997
2871473
2934455
6695355
5163380
7731358
8037474
9684765
9069849
1005131
8896990
3248239
8679539
2257171
5205461
9482110
4296182
2775073
2174652
5710397
4292704
6450746
1497694
2536197
6986615
9746944
9563693
2271539
7558101
2136445
2330607
9274785
6200505
4136516
9631735
1655009
9089438
7780453
5525477
1065605
2919598
5767821
4919805
8472134
4702683
3497318
8802993
6164211
3150833
9199767
8676414
6391547
7791422
2931052
8096199
7379268
6001804
1646076
1801335
7500833
7479288
1373484
7912353
4115008
5865410
1473924
3579383
8758922
9609043
8983126
3071148
1360171
6029149
9713548
7019777
3319093
1334560
6926866
9223380
8806708
6031465
1099925
1201831
7253468
6322476
6134111
1060389
7974894
5156816
7343785
7861472
2828550
1967102
4727919
1334947
5098857
5057868
3108325
7895765
6854683
4216869
2323259
9000671
1055110
2290789
5950243
8041296
1949822
4085003
5576715
1985568
8163393
1199348
9973534
6722464
8212002
9132546
8188677
4687623
9519325
4499177
4481961
7505417
4243971
1171777
3204149
9303869
3756032
8562944
3172762
4067951
1470168
5806829
9360837
4765428
8841852
2738391
9446263
9447563
8593201
5397338
9383059
1186765
5591406
3411528
4438879
9487945
2832615
6364326
6742636
9205235
9757345
1040258
1073723
7297968
1132910
8926232
8535161
8531693
1627223
8915333
7549611
6181456
2345438
4335609
2232709
4607461
5507136
2712140
3638464
8656687
4663109
9534951
5044369
1711017
5316838
9371084
7142602
6396724
3992057
8500732
7233504
5235613
1255386
9597222
3971836
8326703
8280349
3084313
5291763
2016338
2849360
4439425
5777228
2692758
4513054
8273613
8478752
4584797
9032497
1822517
3824277
2154141
1313866
4135445
1571122
8217314
4708031
9289525
5428855
7349117
3116248
3804726
4855940
1731665
9782323
3237884
1114166
5833360
8954073
4516680
6746619
7418956
9815909
6267780
2769900
1162625
6036947
9557546
6977930
6128279
1942664
8218729
7862419
3557791
4385170
6558577
4604125
5496356
4243113
2772767
7006567
6168350
6725067
4113942
9390341
1347175
9352828
1049221
2961407
1452014
3408053
2297750
4528359
7320345
3435433
7840036
3502338
3784322
2121485
4283036
7552860
1086216
2548480
8378824
4117016
6527227
6840590
8079931
7195109
5411472
2172555
7454881
2263675
9859559
6589439
6700230
5033095
2213831
9320372
7820848
4966239
6042889
5492529
9281166
8138404
4588403
9320443
7567743
4443892
7911632
2373136
2932709
4233220
3482048
2352431
2535184
5450276
1939490
2377907
3171274
5564091
7188885
3668295
8805800
4019544
6956391
6436140
1440330
5359757
2160292
7375272
4904987
5414578
9295871
2735773
2939505
4507676
4697305
1765440
6215010
1249689
2380785
6642309
4935565
1199203
2192177
6364124
6614248
6584481
3036334
6272946
6033136
2749403
4574968
1629144
1750589
9728084
4727826
2800448
1534273
6891339
9382277
2709767
2701022
8471218
4625965
6850385
2385031
4511126
6208015
5068084
9029365
1000135
1485778
3452555
8176012
3265710
4292932
5832808
6410577
9186888
4087241
2688332
6726682
1645484
4668863
6398355
1195377
4383708
7390863
6502557
1328060
7691410
6827689
9783346
2586147
5718864
8813267
5951597
7767690
1985985
6886392
4471933
2255528
8441755
3542397
1624046
2165286
8291798
9939744
2563957
2742675
6372590
3318986
4006206
9845862
9108873
1986530
3330595
7200141
5248413
8029864
6584376
7501925
3716845
2991606
5540428
3690679
1811407
4173148
9844916
8854239
6450806
7258704
1997827
3490129
7148528
6999415
6760670
2392703
2485582
4766218
2197275
9069247
8780437
7293368
6236995
7780034
3213150
4543033
7357411
6451735
8530090
7350389
4440522
2748136
9622195
3456581
1270193
8795826
7825052
4124965
9568580
1980478
7303678
3908781
1443888
9757903
6732433
6357378
9030177
2034712
2724311
5109024
7023319
8807286
4683543
9361311
8269905
8861293
6583575
3250381
1196564
8641016
1617795
9301078
4037604
6121530
5586916
5669357
1349935
1473920
5294466
1998471
1781359
6924919
7338009
6223857
3893272
6118189
3174044
5351516
2222803
8236349
4781261
8443793
7219824
4570237
3162749
4606098
6457577
9112041
7004718
6712673
9239628
4099034
4322419
9578308
6611188
4435027
9250717
5991707
7072348
4953374
7697157
2385106
7742372
6357960
8839495
4123847
9127248
4800572
1613087
5197709
6585580
3998301
6299076
3882728
4140094
9408109
1565857
6963959
5181049
6497080
2038035
9688154
6565446
6160778
5207235
8727693
2094824
8174863
7133934
5938884
4962165
3032049
8072362
8390532
3058185
9058555
2526711
4669173
8045037
5600398
1615429
9021640
9732528
5283851
8794932
2320112
6965379
8822775
3047674
3447519
2679799
1314731
8734452
1250893
3491974
6207446
3103779
9127747
6771157
6683685
2730765
1668262
9103086
8380402
5572705
4903106
5252329
4811490
7784435
1766676
3140889
3348343
7845970
6906674
4865202
8390953
9757548
4259595
4719480
8082106
4237068
7092947
4645111
7551721
1635365
1948356
3430221
5949045
7272889
8724099
5386664
4814394
8516408
8906299
7935377
4652564
5837159
9161038
3949870
3136054
6159465
9719610
7634264
9015155
5141856
2816052
6779046
7441207
9120375
6382001
3334926
6764676
9637552
2190567
3021838
1666646
1312864
8147344
6582660
5210838
1666248
7002465
5521570
9287185
7278335
3725938
9297816
9261136
8125850
7637905
1281089
3471725
2542620
8012371
6441509
2716987
9827497
2790939
6747688
6807657
2959026
4231301
7526229
6320151
5766833
2259813
1243480
6351589
8158527
9931217
5086720
2869058
9945544
2640027
6469664
5088052
8211330
1533037
1705465
6802578
4774343
2208959
2740396
3555678
6640962
2035077
7264156
7250687
4416530
1189286
4648562
4052911
1656947
5727850
6198007
6732938
1043411
2701218
2359064
6682466
5627688
7131903
7618022
7185296
5606452
2082401
3504831
9646082
7029484
2546205
1252338
3901471
1218971
5897549
3406985
5439131
4375559
5426521
4561629
6520413
1178340
8159841
3342031
6374276
9671255
1720103
2991906
4159905
5831829
6668659
3312806
1091181
2881093
9578130
1076472
8066838
7375294
3469244
2999225
2346799
2880650
3796244
4034705
4989124
1441320
4974734
9894792
2978854
9206371
6960017
8990141
8345056
9371530
5399455
8516114
8554702
1492158
5965153
3805296
3643247
4724700
8704468
9111923
7454413
3875384
3147290
4304169
8174905
5659485
1670152
4763379
3747457
7974693
6300195
7220641
3528204
9217092
9392916
8010647
7453031
7410021
2457709
6140704
7584603
7347489
8028394
8196670
6389152
9409931
5991171
6138140
3436981
7337699
5214032
8123818
9607296
2810378
5949654
5649069
1821819
2799887
3087776
1346254
6168281
3030398
2088578
4963952
5377680
7895291
3594824
1679262
4753680
7519340
9114103
7802066
8059461
2056927
1838582
4971351
3974545
3727162
1049418
6228364
6172557
2676095
6368872
3811853
7651253
4832721
6518194
1692429
8094991
2360176
4445584
9507331
3631151
8759066
3680984
4435531
2141784
9402276
3683635
9196654
1896239
6963257
1289733
5491300
9202384
1290494
4359675
7364221
1758185
9127530
9357008
4792785
6052397
3233830
7558488
4085373
6912962
2116916
1308653
1667670
1982315
9670599
6037577
5197317
9867915
2412639
1796584
1113620
5812268
5533532
1055245
7039922
2904114
2025748
4371925
8762488
6157536
9231759
8344475
9356561
7329720
9930156
6442310
1715534
6221711
1827124
6680362
4639533
9045960
8207863
7654510
1727155
9937902
6240507
8884949
9605748
3101503
7066905
2891770
9016509
3699600
3204485
7822008
8184182
9439477
4109906
4761086
5508982
6257387
9525319
6692652
8502150
8638011
7678127
7740231
4100385
4896996
5791328
8538061
2346408
9854586
7472001
1510443
5724521
3753042
5873319
2275853
8381439
6119750
8682737
6990629
4394917
9424642
6914954
5093370
9048394
8929376
1479546
6921046
1956105
8284870
6844425
7535169
1671604
7953728
3816320
9440718
5456967
2843179
2748471
4093427
4904034
2311744
5537041
4564439
7307115
3615911
6417010
7299615
5633076
9083726
1467369
6595842
1735021
8694171
4527424
4666548
4513378
1604749
5684840
3296099
2227057
5045609
9611996
3835001
6704052
2493020
3468042
8318095
1152427
1593747
6259517
1521987
6602721
5273358
7285447
8843441
6391123
3310394
7180591
6891325
7439867
9450829
3283164
1828978
5158401
8022754
9373466
6373916
6962637
2949082
2557518
9335847
4508423
6458279
7687390
2580525
9590313
9271876
7606809
4900845
8236253
6814408
7811242
3542367
9556659
6249342
2397010
1570272
6719370
4217344
7109135
5187768
9224502
7424336
9492747
3847647
2241128
8248139
2541981
3141768
3072503
6470728
9530505
3268171
2628464
9438360
2903999
1029992
6954310
8763097
8265577
1735966
5651676
1307786
1943249
5873332
1429955
8791786
5987595
4339872
3509400
1337838
5996236
4098985
9595323
7137598
6375469
6759135
3617087
5783378
5700677
7843679
2218491
9045987
2677795
7015274
2091635
3934042
7082119
1890643
7736709
8897158
2804048
4942447
2740895
4189768
1317175
6751229
8488385
1340533
7640661
9539615
6168722
8748904
8724445
4504291
6924108
5800594
2144432
2959171
3883944
6205221
7849989
2706575
1951242
9148826
7560739
3977758
5279708
9210328
3604043
5159147
7895935
2276540
8664754
9860681
4627902
6778469
8552656
2328514
3316481
9247045
1686382
4314492
1793697
6123778
6420673
5947521
1043863
2236960
1289809
3385405
8706005
5102062
7564490
4552744
2070954
5532909
8121149
2477511
5376136
5984770
5888491
8543532
5121726
6848575
9699478
4366618
5011990
2588583
9829832
2616989
4493710
3507862
4328207
1300728
4559772
7325649
8544948
9444248
5561843
4478358
4544956
4446874
8499295
7181109
8811570
1289255
1708363
1245519
8565565
2943191
8434171
3625291
1481220
6959819
9189319
2857906
1238381
5835192
4206258
6336048
7134024
2367861
7381412
2612485
8306548
2978081
6309857
7121799
1456889
2499638
6541031
2631966
9964759
6973756
9658181
2679090
2241025
4937397
5790421
3376917
9692317
3990059
8323801
7431996
6697400
8690926
7412256
5707917
2656966
9419302
6126400
3035288
6451354
7524248
2507198
4527351
6249140
9417744
1781618
7363613
1891650
9581457
4960633
5641150
7008905
5903064
1485462
9549456
2022166
3899531
2644991
6270038
2782614
8642444
5644186
7396212
8208251
4887115
1093230
3962829
7288701
1527304
9302728
9298899
8363386
1061780
9184318
2533925
8285039
2583778
6090107
1958263
9727394
9872270
3013453
2531613
5213121
1598247
5768527
5727410
1111011
9218871
4044625
7013950
6382789
9970823
7954502
8806318
6175893
4296692
8577738
8669093
7675824
6432642
9904327
6078502
6952019
7872474
3780443
5763438
8177771
3479033
9379837
4129841
5148450
8951110
6688303
9863587
7868262
1504006
6625583
3462425
2875373
4089077
7460990
3958120
7590367
9067253
3711203
3027412
5701908
7579492
6906233
9821138
2684369
6268565
1993094
4249039
1460168
4392770
6435594
5294987
4075508
6040353
1845127
1913342
4146050
8908059
4345144
9936294
5293286
2108154
6518667
5642549
5360103
3665322
9747814
1722181
8687599
6901931
3682620
1564964
6475906
5614773
3193176
7756571
9863299
5581860
6537777
7091897
9246911
2467233
8949288
2049584
1125129
7168424
4712156
7269154
8499762
9237548
7710977
5611381
5076528
7352752
3730689
3975370
1842063
7906533
3948455
7430648
3189150
1931659
3847397
2911752
6881348
6799664
5811829
7913343
1744091
5623909
6888492
2115026
8259555
5264722
1752516
8397681
7637116
1903914
2749432
3968466
9381542
3938396
8978784
6335527
7544254
8115700
3578151
4044490
9099748
9770380
4280718
2034099
6170777
8844051
5359571
7662715
9072047
5826750
5375643
3384361
7528177
9057242
9243182
1348754
2274298
7668012
7192874
4166461
9496554
9246838
8208308
5425429
7777441
7458078
7616947
7812050
9605644
6679284
8661798
3256580
9970241
5817580
4986018
5844472
1588148
4432203
9333383
4328731
8871921
4636221
2918779
4487522
3579344
6453092
2486738
3300733
7338554
1829890
9011927
8350111
7747526
2552324
4954276
3767155
2286950
6382920
7246245
3280675
2104217
5204709
6787839
1047619
5718978
9904790
2266183
4735725
5397389
9323134
3992755
4583472
3534233
8944244
8499949
4813720
1608229
9655632
2723771
1889020
9658410
9094400
2861095
5445342
7239646
9595566
6478366
1888801
7081073
9398829
5971631
7029307
6285063
7918208
5876446
5505269
8597471
8413219
7734336
6354841
5651016
3436997
5522711
6420889
2417958
9875755
5795220
9147532
2414153
7551569
4736813
9998166
1381936
5256689
5336292
9534058
8691622
9361754
8738792
5472487
6797350
5650889
3119572
4797095
3794559
3598197
5332762
8509256
1415554
8610225
3964108
6387811
5794583
4331122
4134240
2225458
8157089
5866414
3947964
1692246
3006394
3300557
6032305
9514614
4352407
2402822
6151795
2555723
1471463
6630014
7017782
3186239
1663801
2409366
9995466
8321097
9933765
5611058
8100095
4438756
3062768
2459893
2210513
8439343
3082374
9537800
2668190
3896375
8732920
4835137
1347247
6278474
1438081
5285263
3558121
3783898
7096074
9011758
7784617
7225914
5549629
3416684
2098211
7264911
4540943
3440356
9259175
2680104
7947662
2076006
4217550
8510018
5261040
4090729
9431360
4891277
2448894
1448230
2420051
4696771
2924888
3300053
4817254
5370527
2251271
2450710
8456374
4979981
8082969
3074068
1605467
4229944
6923276
9359988
9419471
1781529
1066910
5442818
4159253
8170397
9384885
3196761
5531385
2584696
6305457
8153838
2699786
1126522
5091359
6927809
2459942
1268985
1829552
4239331
7868894
6817735
7556354
5106710
6557318
9089820
2522006
2555602
6517613
4949289
7978838
3315151
8253095
5103973
3811700
4812363
1594066
8607288
3125139
3837039
3165285
1747765
9672505
4377609
3054836
4739401
9912868
8444437
8235679
6659857
9082193
2715227
6976064
2472754
3354801
8249929
3960761
5093516
5858524
3491197
9729007
9179404
9525602
3211561
1852541
3420413
2451811
3847518
9643146
4564607
5647874
1988495
3905166
9632750
8708509
1484571
9104024
1300416
7165000
1268909
7695998
5059734
6374802
1904015
1327109
9681872
4350332
7871075
8975545
4138943
3950755
3296883
6022451
9653093
8282084
8296923
1316615
9372419
2237790
5734448
8678074
3856654
6037033
9605117
7072242
4165509
3942932
6462879
2725332
7020170
3801614
9534159
2201974
8092585
7391517
1479469
4374665
6901549
2325366
3659086
3987249
7416006
9285300
3974941
8451926
7280971
8736289
9216324
2284904
6718138
2208888
3871087
8012173
8072923
3378284
4886202
4162964
7681138
4041654
3667205
3342545
4539932
7120472
3785734
1043621
5080715
6357002
4515782
2403532
1359118
7320408
3708565
9826296
9543689
3975748
1064547
9219462
2769147
7091685
6606903
7589596
1812683
3168016
9552519
3949643
3175085
3497039
9395210
9647788
4273377
9005453
7583270
1435409
1486776
1768485
9693682
6908607
2402866
4988462
1579732
2924754
5032877
8979042
8272124
7038327
5087684
7160900
8031090
1788676
4081906
6554104
8446409
3992905
3593496
8460810
8107424
5529482
7448884
1751134
8686307
9147166
5978255
8218174
4032040
6796710
7819765
6581870
4017515
2335478
3102238
2912082
2495016
9587710
3466574
4665323
8215701
2867845
2140765
7116543
3339199
4202147
5567904
1769205
2724306
9062069
5642050
8584303
2205980
2896880
7260254
9583033
5278669
5620951
8513744
1618324
8987731
2439917
4610528
5784362
6864820
9196783
6103032
3215227
4010828
4583318
7154226
3830633
1761181
4877006
2274501
8657055
3493692
3084741
3915924
4308079
3571020
1601989
5942489
2645492
5165172
5314141
2582475
4129482
8243783
4178820
3151073
3262259
5967575
4018307
3153509
6659933
9046724
7061417
5175493
2856719
8797342
8381157
3812361
4736308
3937741
1601802
9347101
5027435
8911429
1487685
6414642
2411067
9498746
8983657
7584675
8882688
5140335
2774799
2574879
5941403
1581684
7164109
6545865
5580262
5626214
5973362
6741312
6897045
4319473
8174798
4580421
1005180
8988909
6181323
5732226
3050725
9343304
8077294
3019265
3230527
8980067
2806850
6732268
6118740
9500088
5198680
1977247
9446231
9615407
8280662
3818024
4881856
5535217
3807093
3342307
2474497
2577900
6171489
1563761
9123864
5004509
1396715
6502095
1609060
3887696
9879100
2128165
1942411
4781662
6404726
2511717
7673477
4577848
7292899
2494008
2625669
7553778
2800533
3080632
8035815
7652851
5826417
5111065
9160437
6324516
4360928
9457415
5229270
4433441
2273394
9116062
4578046
1089583
3098050
3278202
5404729
7043890
6516042
8489420
8378742
2966802
3369029
8786193
6498466
1045751
7886167
3996995
4539223
5718278
4524690
8284450
5474446
2695948
7881707
4144648
7028177
6887886
2150812
3658021
3235286
8105931
5877774
2201155
1297223
7124051
4854974
4691263
9234442
1899820
2704002
4881344
5181395
4068070
6130253
8610095
2010465
9416868
1150145
3367271
1874565
9833703
2526193
4588293
9467103
7061288
5855928
1911841
9081379
9755482
9169267
9264884
4898459
5449753
9460778
5620507
1344534
2105215
4267049
1598556
2341989
5116990
3942436
9390379
7693558
9816370
2633673
7196615
6919262
3853896
7131416
2279026
7857183
8523294
2413851
5270743
2867191
3979664
2073276
7740809
2731305
8287016
6311947
8021346
7435074
7419545
6673614
9910109
9162233
2598065
2040721
1334846
9831613
9371225
5953601
5103278
6842283
5863662
6166773
4915862
9797669
9165661
8769355
1245764
1242069
9877731
2521566
3342526
2027912
1178506
4550303
3676942
2871553
4019905
4287895
7303254
1979176
6296028
4790726
6443917
1015035
2670930
2553356
6764818
3166036
1140632
4983206
7880006
7249726
4133771
4734584
3367162
4541299
7940644
8665551
5870156
6256419
3935342
4160376
5692213
3628971
2681985
7500237
9868401
9520636
9629747
7136450
7343976
1384367
3174955
6082083
2322743
6701722
9317550
7365490
8930262
3598926
4407306
2707554
6894773
7834059
1704392
6257722
4404375
9348012
1193485
5680354
7998655
4128937
7754713
4493693
4035081
9905760
3103480
9821307
3313792
6571919
4625925
9529797
3727183
9995567
8406228
1265234
1237723
9009859
3720678
6994867
9307267
3845373
6471961
7567231
3851428
8899424
3497598
5414893
9791228
1825143
5934651
8956581
8227077
3833128
4752003
6222396
9954512
5833054
7571201
7842481
2995619